(22.8,2.8,0);(22.8,-3.9,0);(19.9,-9.7,0);(15.5,-14.4,0);(9.8,-17.8,0);(3.3,-17.9,0);(-3.5,-14.6,0);(-8.9,-9.5,0);(-12.2,-3.0,0);(-12.0,3.4,0);(-9.4,9.1,0);(-5.1,14.0,0);(0.8,17.0,0);(8.1,17.5,0);(14.9,14.7,0);(19.5,10.1,0);(23.0,3.2,0);(22.9,-4.2,0);(19.5,-10.0,0)
(22.8,2.8,2);(22.8,-3.9,2);(19.9,-9.7,2);(15.5,-14.4,2);(9.8,-17.8,2);(3.3,-17.9,2);(-3.5,-14.6,2);(-8.9,-9.5,2);(-12.2,-3.0,2);(-12.0,3.4,2);(-9.4,9.1,2);(-5.1,14.0,2);(0.8,17.0,2);(8.1,17.5,2);(14.9,14.7,2);(19.5,10.1,2);(23.0,3.2,2);(22.9,-4.2,2);(19.5,-10.0,2)
(22.8,2.8,4);(22.8,-3.9,4);(19.9,-9.7,4);(15.5,-14.4,4);(9.8,-17.8,4);(3.3,-17.9,4);(-3.5,-14.6,4);(-8.9,-9.5,4);(-12.2,-3.0,4);(-12.0,3.4,4);(-9.4,9.1,4);(-5.1,14.0,4);(0.8,17.0,4);(8.1,17.5,4);(14.9,14.7,4);(19.5,10.1,4);(23.0,3.2,4);(22.9,-4.2,4);(19.5,-10.0,4)
(22.8,2.8,6);(22.8,-3.9,6);(19.9,-9.7,6);(15.5,-14.4,6);(9.8,-17.8,6);(3.3,-17.9,6);(-3.5,-14.6,6);(-8.9,-9.5,6);(-12.2,-3.0,6);(-12.0,3.4,6);(-9.4,9.1,6);(-5.1,14.0,6);(0.8,17.0,6);(8.1,17.5,6);(14.9,14.7,6);(19.5,10.1,6);(23.0,3.2,6);(22.9,-4.2,6);(19.5,-10.0,6)
(22.8,2.8,8);(22.8,-3.9,8);(19.9,-9.7,8);(15.5,-14.4,8);(9.8,-17.8,8);(3.3,-17.9,8);(-3.5,-14.6,8);(-8.9,-9.5,8);(-12.2,-3.0,8);(-12.0,3.4,8);(-9.4,9.1,8);(-5.1,14.0,8);(0.8,17.0,8);(8.1,17.5,8);(14.9,14.7,8);(19.5,10.1,8);(23.0,3.2,8);(22.9,-4.2,8);(19.5,-10.0,8)
(22.8,2.8,10);(22.8,-3.9,10);(19.9,-9.7,10);(15.5,-14.4,10);(9.8,-17.8,10);(3.3,-17.9,10);(-3.5,-14.6,10);(-8.9,-9.5,10);(-12.2,-3.0,10);(-12.0,3.4,10);(-9.4,9.1,10);(-5.1,14.0,10);(0.8,17.0,10);(8.1,17.5,10);(14.9,14.7,10);(19.5,10.1,10);(23.0,3.2,10);(22.9,-4.2,10);(19.5,-10.0,10)
(22.8,2.8,12);(22.8,-3.9,12);(19.9,-9.7,12);(15.5,-14.4,12);(9.8,-17.8,12);(3.3,-17.9,12);(-3.5,-14.6,12);(-8.9,-9.5,12);(-12.2,-3.0,12);(-12.0,3.4,12);(-9.4,9.1,12);(-5.1,14.0,12);(0.8,17.0,12);(8.1,17.5,12);(14.9,14.7,12);(19.5,10.1,12);(23.0,3.2,12);(22.9,-4.2,12);(19.5,-10.0,12)
(22.8,2.8,14);(22.8,-3.9,14);(19.9,-9.7,14);(15.5,-14.4,14);(9.8,-17.8,14);(3.3,-17.9,14);(-3.5,-14.6,14);(-8.9,-9.5,14);(-12.2,-3.0,14);(-12.0,3.4,14);(-9.4,9.1,14);(-5.1,14.0,14);(0.8,17.0,14);(8.1,17.5,14);(14.9,14.7,14);(19.5,10.1,14);(23.0,3.2,14);(22.9,-4.2,14);(19.5,-10.0,14)
(22.8,2.8,16);(22.8,-3.9,16);(19.9,-9.7,16);(15.5,-14.4,16);(9.8,-17.8,16);(3.3,-17.9,16);(-3.5,-14.6,16);(-8.9,-9.5,16);(-12.2,-3.0,16);(-12.0,3.4,16);(-9.4,9.1,16);(-5.1,14.0,16);(0.8,17.0,16);(8.1,17.5,16);(14.9,14.7,16);(19.5,10.1,16);(23.0,3.2,16);(22.9,-4.2,16);(19.5,-10.0,16)
(22.8,2.8,18);(22.8,-3.9,18);(19.9,-9.7,18);(15.5,-14.4,18);(9.8,-17.8,18);(3.3,-17.9,18);(-3.5,-14.6,18);(-8.9,-9.5,18);(-12.2,-3.0,18);(-12.0,3.4,18);(-9.4,9.1,18);(-5.1,14.0,18);(0.8,17.0,18);(8.1,17.5,18);(14.9,14.7,18);(19.5,10.1,18);(23.0,3.2,18);(22.9,-4.2,18);(19.5,-10.0,18)
(22.8,2.8,20);(22.8,-3.9,20);(19.9,-9.7,20);(15.5,-14.4,20);(9.8,-17.8,20);(3.3,-17.9,20);(-3.5,-14.6,20);(-8.9,-9.5,20);(-12.2,-3.0,20);(-12.0,3.4,20);(-9.4,9.1,20);(-5.1,14.0,20);(0.8,17.0,20);(8.1,17.5,20);(14.9,14.7,20);(19.5,10.1,20);(23.0,3.2,20);(22.9,-4.2,20);(19.5,-10.0,20)
(22.8,2.8,22);(22.8,-3.9,22);(19.9,-9.7,22);(15.5,-14.4,22);(9.8,-17.8,22);(3.3,-17.9,22);(-3.5,-14.6,22);(-8.9,-9.5,22);(-12.2,-3.0,22);(-12.0,3.4,22);(-9.4,9.1,22);(-5.1,14.0,22);(0.8,17.0,22);(8.1,17.5,22);(14.9,14.7,22);(19.5,10.1,22);(23.0,3.2,22);(22.9,-4.2,22);(19.5,-10.0,22)
(22.8,2.8,24);(22.8,-3.9,24);(19.9,-9.7,24);(15.5,-14.4,24);(9.8,-17.8,24);(3.3,-17.9,24);(-3.5,-14.6,24);(-8.9,-9.5,24);(-12.2,-3.0,24);(-12.0,3.4,24);(-9.4,9.1,24);(-5.1,14.0,24);(0.8,17.0,24);(8.1,17.5,24);(14.9,14.7,24);(19.5,10.1,24);(23.0,3.2,24);(22.9,-4.2,24);(19.5,-10.0,24)
(22.8,2.8,26);(22.8,-3.9,26);(19.9,-9.7,26);(15.5,-14.4,26);(9.8,-17.8,26);(3.3,-17.9,26);(-3.5,-14.6,26);(-8.9,-9.5,26);(-12.2,-3.0,26);(-12.0,3.4,26);(-9.4,9.1,26);(-5.1,14.0,26);(0.8,17.0,26);(8.1,17.5,26);(14.9,14.7,26);(19.5,10.1,26);(23.0,3.2,26);(22.9,-4.2,26);(19.5,-10.0,26)
(22.8,2.8,28);(22.8,-3.9,28);(19.9,-9.7,28);(15.5,-14.4,28);(9.8,-17.8,28);(3.3,-17.9,28);(-3.5,-14.6,28);(-8.9,-9.5,28);(-12.2,-3.0,28);(-12.0,3.4,28);(-9.4,9.1,28);(-5.1,14.0,28);(0.8,17.0,28);(8.1,17.5,28);(14.9,14.7,28);(19.5,10.1,28);(23.0,3.2,28);(22.9,-4.2,28);(19.5,-10.0,28)
(22.8,2.8,30);(22.8,-3.9,30);(19.9,-9.7,30);(15.5,-14.4,30);(9.8,-17.8,30);(3.3,-17.9,30);(-3.5,-14.6,30);(-8.9,-9.5,30);(-12.2,-3.0,30);(-12.0,3.4,30);(-9.4,9.1,30);(-5.1,14.0,30);(0.8,17.0,30);(8.1,17.5,30);(14.9,14.7,30);(19.5,10.1,30);(23.0,3.2,30);(22.9,-4.2,30);(19.5,-10.0,30)
(22.8,2.8,32);(22.8,-3.9,32);(19.9,-9.7,32);(15.5,-14.4,32);(9.8,-17.8,32);(3.3,-17.9,32);(-3.5,-14.6,32);(-8.9,-9.5,32);(-12.2,-3.0,32);(-12.0,3.4,32);(-9.4,9.1,32);(-5.1,14.0,32);(0.8,17.0,32);(8.1,17.5,32);(14.9,14.7,32);(19.5,10.1,32);(23.0,3.2,32);(22.9,-4.2,32);(19.5,-10.0,32)
(22.8,2.8,34);(22.8,-3.9,34);(19.9,-9.7,34);(15.5,-14.4,34);(9.8,-17.8,34);(3.3,-17.9,34);(-3.5,-14.6,34);(-8.9,-9.5,34);(-12.2,-3.0,34);(-12.0,3.4,34);(-9.4,9.1,34);(-5.1,14.0,34);(0.8,17.0,34);(8.1,17.5,34);(14.9,14.7,34);(19.5,10.1,34);(23.0,3.2,34);(22.9,-4.2,34);(19.5,-10.0,34)
(22.8,2.8,36);(22.8,-3.9,36);(19.9,-9.7,36);(15.5,-14.4,36);(9.8,-17.8,36);(3.3,-17.9,36);(-3.5,-14.6,36);(-8.9,-9.5,36);(-12.2,-3.0,36);(-12.0,3.4,36);(-9.4,9.1,36);(-5.1,14.0,36);(0.8,17.0,36);(8.1,17.5,36);(14.9,14.7,36);(19.5,10.1,36);(23.0,3.2,36);(22.9,-4.2,36);(19.5,-10.0,36)
